power_w,runtime_us,n_kernels
229.16,12.672,2
