power_w,runtime_us,n_kernels
98.37,2.72,4
