power_w,runtime_us,n_kernels
147.98,4.448,1
