power_w,runtime_us,n_kernels
131.66,7.648,12
