power_w,runtime_us,n_kernels
96.11,3.296,13
