power_w,runtime_us,n_kernels
95.08,2.688,2
